   3.73840322E-07
   6.44571986E-03
   4.34703752E-02
   6.59442320E-02
   9.20498148E-02
  0.102778807    
  0.105083987    
  0.138348341    
  0.171633855    
  0.217433810    
  0.236225411    
  0.261676818    
  0.302394122    
  0.304088145    
  0.306707770    
  0.332663059    
  0.365549386    
  0.365926594    
  0.384713948    
  0.387989223    
  0.408446044    
  0.442097902    
  0.470957756    
  0.516549110    
  0.558011293    
  0.583830774    
  0.588337064    
  0.620379090    
  0.640763044    
  0.675121367    
  0.719727099    
  0.757074773    
  0.769934952    
  0.772260725    
  0.808328748    
  0.824412227    
  0.855411530    
  0.892475605    
  0.941036463    
  0.958938062    
  0.971042991    
   1.01918793    
   1.05459833    
   1.09151280    
   1.12343717    
   1.12699878    
   1.15794885    
   1.20129955    
   1.21466231    
   1.23604643    
   1.27360463    
   1.29701352    
   1.30866444    
   1.32213485    
   1.33973885    
   1.34789765    
   1.37173700    
   1.41572213    
   1.46027327    
   1.46324086    
   1.50756884    
   1.53229046    
   1.55758882    
   1.57322145    
   1.62156689    
   1.64577174    
   1.65881276    
   1.66325867    
   1.70969915    
   1.71331286    
   1.73784745    
   1.75667036    
   1.77024734    
   1.81502438    
   1.84098196    
   1.86373985    
   1.90984786    
   1.91230202    
   1.94961619    
   1.98735619    
   2.02791929    
   2.03406215    
   2.03483963    
   2.06857395    
   2.11111808    
   2.14196563    
   2.17804050    
   2.21358562    
   2.26255894    
   2.30609894    
   2.31752539    
   2.33253503    
   2.34973478    
   2.37488508    
   2.40384960    
   2.44530272    
   2.46549463    
   2.50672865    
   2.51992512    
   2.54027939    
   2.56660724    
   2.58953524    
   2.60360861    
   2.61234665    
   2.61987901    
   2.64789009    
   2.68720794    
   2.68882751    
   2.71501565    
   2.73944116    
   2.78625393    
   2.82292032    
   2.85009503    
   2.89374113    
   2.92435884    
   2.96561885    
   2.97344756    
   2.98387241    
   3.01889324    
   3.02528429    
   3.02974272    
   3.04319763    
   3.04334450    
   3.06364489    
   3.06496191    
   3.09974313    
   3.14569998    
   3.15745568    
   3.16631961    
   3.18187904    
   3.22534156    
   3.25729251    
   3.26465893    
   3.29804492    
   3.31694984    
   3.33594847    
   3.36043572    
   3.36766481    
   3.39643693    
   3.43787003    
   3.46678543    
   3.51360035    
   3.54085159    
   3.54811096    
   3.59629297    
   3.61632252    
   3.62327170    
   3.65095162    
   3.66330576    
   3.68724298    
   3.70998049    
   3.75707412    
   3.76324964    
   3.77303767    
   3.78868079    
   3.81951499    
   3.82572389    
   3.85763526    
   3.88809538    
   3.92744589    
   3.93959022    
   3.96293545    
   3.98201180    
   3.99197102    
   3.99336147    
   4.03754330    
   4.05844164    
   4.06540060    
   4.11182737    
   4.13193274    
   4.13836098    
   4.18175793    
   4.18627453    
   4.19422245    
   4.19770479    
   4.21560621    
   4.22800589    
   4.23462629    
   4.27300072    
   4.29531097    
   4.31243753    
   4.33460045    
   4.37423849    
   4.41989040    
   4.45182085    
   4.46236801    
   4.49566793    
   4.54020500    
   4.55246115    
   4.59464312    
   4.61773491    
   4.64252663    
   4.67194605    
   4.71200657    
   4.74904299    
   4.77169275    
   4.81830978    
   4.84931374    
   4.87084103    
   4.91125107    
   4.94501114    
   4.97941923    
   5.02778959    
   5.07455587    
   5.11626816    
   5.13044453    
   5.15677834    
   5.18198586    
   5.18705416    
   5.20734167    
   5.23560095    
   5.27855253    
   5.30011463    
   5.33587217    
   5.37846613    
   5.41353273    
   5.45276785    
   5.48738813    
   5.52373219    
   5.52466774    
   5.56808329    
   5.59380770    
   5.61651039    
   5.61970472    
   5.65466261    
   5.67862082    
   5.71133709    
   5.74475765    
   5.75453568    
   5.79945087    
   5.84187889    
   5.88548994    
   5.91214323    
   5.91896391    
   5.94103098    
   5.98950958    
   6.00007057    
   6.02192593    
   6.03739691    
   6.06261539    
   6.10580921    
   6.12735558    
   6.15026474    
   6.18979073    
   6.20768356    
   6.21804810    
   6.26700497    
   6.27453136    
   6.30542517    
   6.33562613    
   6.33565521    
   6.33569813    
   6.37359238    
   6.40923166    
   6.42487144    
   6.44533968    
   6.47878170    
   6.51212931    
   6.52218723    
   6.56317186    
   6.59790897    
   6.63851547    
   6.64314842    
   6.64715338    
   6.68458939    
   6.71543837    
   6.72591734    
   6.73638105    
   6.74035311    
   6.75940561    
   6.80606127    
   6.85249090    
   6.87159395    
   6.88478565    
   6.91870213    
   6.93262005    
   6.97068644    
   7.00909567    
   7.02979612    
   7.04362154    
   7.05312586    
   7.05368042    
   7.06307983    
   7.11125851    
   7.12321711    
   7.16338348    
   7.17006969    
   7.18957853    
   7.21902800    
   7.22769499    
   7.26828432    
   7.27601337    
   7.32442236    
   7.33702374    
   7.34847021    
   7.35345030    
   7.36420155    
   7.39530277    
   7.42940712    
   7.46835089    
   7.50246668    
   7.53936052    
   7.57216692    
   7.60320520    
   7.60597086    
   7.63528347    
   7.64640665    
   7.66202688    
   7.69631863    
   7.70207310    
   7.73943901    
   7.76521921    
   7.79236078    
   7.82117224    
   7.83732605    
   7.87177229    
   7.87878132    
   7.88670397    
   7.91048479    
   7.95263577    
   7.99248600    
   8.01977062    
   8.05598164    
   8.07146645    
   8.07809734    
   8.10399628    
   8.11922264    
   8.14804077    
   8.17342663    
   8.19453812    
   8.20722103    
   8.22536182    
   8.24461937    
   8.26651573    
   8.28983498    
   8.30883884    
   8.32252407    
   8.32635880    
   8.34447575    
   8.35691833    
   8.38983536    
   8.42297077    
   8.44815350    
   8.48385525    
   8.51917267    
   8.56546593    
   8.58804035    
   8.63410854    
   8.64986515    
   8.67242622    
   8.69776630    
   8.73017311    
   8.74986267    
   8.77953911    
   8.82787800    
   8.83524704    
   8.86808205    
   8.88492870    
   8.91147232    
   8.93708992    
   8.97772217    
   8.97845459    
   8.99189091    
   9.02339649    
   9.05015755    
   9.09513187    
   9.10819626    
   9.15573025    
   9.16781998    
   9.20917511    
   9.24318218    
   9.26551437    
   9.30555248    
   9.30663490    
   9.31451130    
   9.34915161    
   9.38383484    
   9.40523052    
   9.43376923    
   9.47060299    
   9.51918793    
   9.55327606    
   9.56697178    
   9.60391140    
   9.61229897    
   9.61250782    
   9.63679695    
   9.64071274    
   9.64870358    
   9.69296551    
   9.73133183    
   9.76791954    
   9.78930473    
   9.78961563    
   9.81826973    
   9.84367561    
   9.84695148    
   9.87360859    
   9.89270496    
   9.90328026    
   9.92218304    
   9.95289898    
   9.98519230    
   10.0199490    
   10.0463438    
   10.0600777    
   10.1000586    
   10.1182823    
   10.1519012    
   10.1671000    
   10.1675577    
   10.1726437    
   10.1981707    
   10.2361889    
   10.2470026    
   10.2497110    
   10.2531719    
   10.2610254    
   10.2964897    
   10.3110437    
   10.3135233    
   10.3369360    
   10.3593369    
   10.3848162    
   10.4066944    
   10.4140596    
   10.4280710    
   10.4689217    
   10.5030079    
   10.5313187    
   10.5646954    
   10.5809231    
   10.5837393    
   10.6320963    
   10.6586733    
   10.6587543    
   10.7007074    
   10.7021456    
   10.7206459    
   10.7446384    
   10.7728710    
   10.8090801    
   10.8423672    
   10.8686438    
   10.8703871    
   10.8763895    
   10.9240837    
   10.9333096    
   10.9505243    
   10.9806166    
   11.0103893    
   11.0165596    
   11.0436497    
   11.0903969    
   11.1078863    
   11.1489534    
   11.1966915    
   11.2093830    
   11.2217083    
   11.2425003    
   11.2823400    
   11.3263378    
   11.3383226    
   11.3755932    
   11.4096413    
   11.4317818    
   11.4446993    
   11.4773092    
   11.4830208    
   11.4932890    
   11.4988594    
   11.5256615    
   11.5259590    
   11.5345821    
   11.5639505    
   11.5851145    
   11.5891571    
   11.6228409    
   11.6412315    
   11.6822052    
   11.6882639    
   11.7359581    
   11.7374105    
   11.7413483    
   11.7655659    
   11.8032684    
   11.8490362    
   11.8612938    
   11.8789167    
   11.9166031    
   11.9411011    
   11.9778147    
   12.0107384    
   12.0441399    
   12.0812216    
   12.0830040    
   12.0943022    
   12.1051636    
   12.1327314    
   12.1647100    
   12.1949244    
   12.2131262    
   12.2241411    
   12.2355919    
   12.2675896    
   12.2757196    
   12.3121805    
   12.3200083    
   12.3223429    
   12.3547802    
   12.3609028    
   12.4074116    
   12.4311361    
   12.4615669    
   12.5063543    
   12.5072336    
   12.5363169    
   12.5716887    
   12.5960207    
   12.5986519    
   12.6202917    
   12.6457310    
   12.6835566    
   12.6867590    
   12.7084560    
   12.7563381    
   12.7792578    
   12.7953815    
   12.8172321    
   12.8536530    
   12.8637142    
   12.8721123    
   12.8903656    
   12.9364119    
   12.9836893    
   12.9961824    
   12.9996290    
   13.0056973    
   13.0314875    
   13.0393314    
   13.0646992    
   13.0698528    
   13.1110897    
   13.1291494    
   13.1499205    
   13.1659546    
   13.2009182    
   13.2291803    
   13.2719030    
   13.3090572    
   13.3500509    
   13.3843403    
   13.4034042    
   13.4492311    
   13.4789057    
   13.4966478    
   13.5230837    
   13.5453825    
   13.5650654    
   13.5768471    
   13.5809183    
   13.6015759    
   13.6247225    
   13.6389208    
   13.6440639    
   13.6546669    
   13.6939659    
   13.7198105    
   13.7525826    
   13.7949009    
   13.8068447    
   13.8417110    
   13.8546305    
   13.8733883    
   13.8773575    
   13.8998861    
   13.9112968    
   13.9502687    
   13.9743443    
   13.9745026    
   13.9875422    
   14.0201120    
   14.0409460    
   14.0501003    
   14.0973110    
   14.1038790    
   14.1428757    
   14.1892319    
   14.1976185    
   14.2273121    
   14.2304382    
   14.2474651    
   14.2617960    
   14.2867689    
   14.3272352    
   14.3681173    
   14.4037132    
   14.4198551    
   14.4591570    
   14.4901133    
   14.4923353    
   14.4943647    
   14.5018768    
   14.5394630    
   14.5424881    
   14.5679340    
   14.6134624    
   14.6242676    
   14.6342907    
   14.6386509    
   14.6729355    
   14.7075520    
   14.7317886    
   14.7446156    
   14.7794828    
   14.7980232    
   14.8078547    
   14.8192520    
   14.8406210    
   14.8636265    
   14.9058247    
   14.9537096    
   14.9754906    
   14.9771681    
   15.0028324    
   15.0043831    
   15.0412884    
   15.0702763    
   15.1105976    
   15.1267471    
   15.1381187    
   15.1644087    
   15.1855087    
   15.2052841    
   15.2536631    
   15.3010416    
   15.3427172    
   15.3852253    
   15.4004936    
   15.4077644    
   15.4566469    
   15.4879837    
   15.5109196    
   15.5565834    
   15.5904312    
   15.6303864    
   15.6569214    
   15.6849890    
   15.6927910    
   15.7391081    
   15.7793531    
   15.7869682    
   15.7889805    
   15.8058176    
   15.8112087    
   15.8159389    
   15.8413591    
   15.8424568    
   15.8699694    
   15.9119558    
   15.9372845    
   15.9703360    
   16.0064583    
   16.0406837    
   16.0418015    
   16.0512085    
   16.0840874    
   16.1010342    
   16.1042824    
   16.1111774    
   16.1563129    
   16.1671734    
   16.1857986    
   16.2145138    
   16.2227116    
   16.2240028    
   16.2578678    
   16.2952232    
   16.3301945    
   16.3339825    
   16.3628826    
   16.4082317    
   16.4537868    
   16.4748783    
   16.4996700    
   16.5404015    
   16.5854435    
   16.6149235    
   16.6503906    
   16.6758385    
   16.6998882    
   16.7077980    
   16.7556286    
   16.7837715    
   16.7971611    
   16.8232002    
   16.8574295    
   16.8901157    
   16.8948898    
   16.9217777    
   16.9517040    
   16.9844341    
   17.0086956    
   17.0367031    
   17.0655594    
   17.0871830    
   17.0945930    
   17.1192036    
   17.1550407    
   17.1565914    
   17.1591206    
   17.1847019    
   17.2004128    
   17.2021313    
   17.2141438    
   17.2193947    
   17.2381611    
   17.2652016    
   17.2944622    
   17.3244057    
   17.3702335    
   17.4080639    
   17.4332085    
   17.4570560    
   17.4889126    
   17.5230656    
   17.5430355    
   17.5668907    
   17.5904007    
   17.6252136    
   17.6513901    
   17.6649456    
   17.6946163    
   17.7083416    
   17.7428074    
   17.7688007    
   17.8147755    
   17.8263111    
   17.8465729    
   17.8758488    
   17.9142151    
   17.9593067    
   17.9927006    
   18.0329380    
   18.0587807    
   18.0700645    
   18.0771046    
   18.1211815    
   18.1335011    
   18.1654243    
   18.1656609    
   18.2115211    
   18.2250137    
   18.2670937    
   18.2807617    
   18.3274307    
   18.3522644    
   18.3582897    
   18.3786964    
   18.4131184    
   18.4345074    
   18.4397869    
   18.4773293    
   18.4822235    
   18.5038452    
   18.5207291    
   18.5352859    
   18.5724087    
   18.5889950    
   18.6052017    
   18.6079273    
   18.6360130    
   18.6597919    
   18.6697140    
   18.6753235    
   18.7230663    
   18.7654324    
   18.7895317    
   18.8075333    
   18.8469734    
   18.8549213    
   18.8627415    
   18.8655701    
   18.8728828    
   18.8958206    
   18.9144707    
   18.9577713    
   18.9785538    
   18.9987545    
   19.0306683    
   19.0457764    
   19.0487232    
   19.0886288    
   19.1326141    
   19.1776695    
   19.2218285    
   19.2595615    
   19.2679310    
   19.2959805    
   19.2975197    
   19.3368797    
   19.3624687    
   19.4046879    
   19.4182701    
   19.4608746    
   19.4896317    
   19.5087013    
   19.5484848    
   19.5742435    
   19.6202965    
   19.6408787    
   19.6692924    
   19.7060013    
   19.7491589    
   19.7657242    
   19.7750130    
   19.8114262    
   19.8466530    
   19.8897324    
   19.8933029    
   19.9280987    
   19.9711723    
   19.9887810    
   19.9931831    
   20.0010738    
   20.0214977    
   20.0262222    
   20.0592823    
   20.0868511    
   20.1266899    
   20.1697216    
   20.2074203    
   20.2385445    
   20.2824745    
   20.3255177    
   20.3493538    
   20.3548946    
   20.3733921    
   20.3921413    
   20.4258327    
   20.4317970    
   20.4355621    
   20.4425831    
   20.4659882    
   20.5007095    
   20.5123730    
   20.5315304    
   20.5793476    
   20.6101570    
   20.6435356    
   20.6880608    
   20.7058182    
   20.7479191    
   20.7868385    
   20.8078537    
   20.8114567    
   20.8358898    
   20.8596001    
   20.8816853    
   20.9061680    
   20.9424648    
   20.9881744    
   21.0028801    
   21.0100441    
   21.0154343    
   21.0193691    
   21.0670204    
   21.0870209    
   21.0987034    
   21.1458988    
   21.1867390    
   21.1964455    
   21.2027893    
   21.2124081    
   21.2290249    
   21.2572327    
   21.2788067    
   21.3075047    
   21.3287163    
   21.3467579    
   21.3654919    
   21.3948975    
   21.4159412    
   21.4232311    
   21.4560699    
   21.5048447    
   21.5390491    
   21.5587826    
   21.6003971    
   21.6405544    
   21.6794300    
   21.6977692    
   21.6982403    
   21.7217503    
   21.7530632    
   21.7847424    
   21.8163414    
   21.8554935    
   21.8739853    
   21.8915119    
   21.9105968    
   21.9269772    
   21.9609623    
   21.9680614    
   21.9823456    
   22.0150223    
   22.0568867    
   22.0723076    
   22.0793705    
   22.1088810    
   22.1091557    
   22.1542759    
   22.1729908    
   22.1983013    
   22.2151794    
   22.2281227    
   22.2423820    
   22.2832317    
   22.2893276    
   22.3204231    
   22.3228092    
   22.3452530    
   22.3637161    
   22.3713531    
   22.4083900    
   22.4410229    
   22.4415874    
   22.4805374    
   22.5080223    
   22.5221672    
   22.5425301    
   22.5582409    
   22.5834560    
   22.6186943    
   22.6599541    
   22.6713161    
   22.6941013    
   22.7123966    
   22.7148495    
   22.7184677    
   22.7283878    
   22.7561302    
   22.7968750    
   22.8175793    
   22.8587170    
   22.8730755    
   22.8819542    
   22.8994732    
   22.9452438    
   22.9741249    
   22.9922085    
   23.0148983    
   23.0456619    
   23.0919399    
   23.1118240    
   23.1142979    
   23.1360950    
   23.1652946    
   23.2019615    
   23.2443066    
   23.2507267    
   23.2558517    
   23.2884521    
   23.3292885    
   23.3577709    
   23.3900414    
   23.4381618    
   23.4390888    
   23.4842415    
   23.4937801    
   23.5411987    
   23.5668297    
   23.5804901    
   23.6157608    
   23.6446934    
   23.6857109    
   23.7266102    
   23.7589455    
   23.7947369    
   23.8262444    
   23.8433704    
   23.8695793    
   23.9021225    
   23.9179707    
   23.9605618    
   23.9822388    
   24.0272198    
   24.0407772    
   24.0874138    
   24.0931587    
   24.1135426    
   24.1545258    
   24.2016907    
   24.2180042    
   24.2437878    
   24.2700500    
   24.3101368    
   24.3557014    
   24.3881836    
   24.4001026    
