   7.62939453E-06  0.131537676    
  0.755605221      0.458650112    
  0.532767057      0.218959093    
   4.70445156E-02  0.678864479    
  0.679296255      0.934692860    
  0.383502007      0.519416332    
  0.830965281       3.45718861E-02
   5.34615517E-02  0.529700041    
  0.671149254       7.69805908E-03
  0.383415461       6.68420792E-02
  0.417485952      0.686772585    
  0.588976622      0.930436373    
  0.846166849      0.526928663    
   9.19647217E-02  0.653918743    
  0.415999174      0.701190472    
  0.910320759      0.762197971    
  0.262452841       4.74643707E-02
  0.736081839      0.328234196    
  0.632638454      0.756410360    
  0.991037369      0.365338564    
  0.247038841      0.982550144    
  0.722660303      0.753355742    
  0.651518345       7.26857185E-02
  0.631634712      0.884706974    
  0.272709846      0.436411381    
  0.766494751      0.477731705    
  0.237774372      0.274906635    
  0.359264851      0.166507006    
  0.486517191      0.897656202    
  0.909208059       6.05642796E-02
  0.904653072      0.504522800    
  0.516291857      0.319032907    
  0.986641884      0.493976593    
  0.266144276       9.07328129E-02
  0.947764158       7.37490654E-02
  0.500706911      0.384141922    
  0.277081728      0.913817406    
  0.529747248      0.464445591    
  0.940979719       5.00838757E-02
  0.761514187      0.770204544    
  0.827817202      0.125365257    
   1.58674717E-02  0.688455105    
  0.868247032      0.629543304    
  0.736224413      0.725411892    
  0.999457836      0.888571978    
  0.233194828      0.306321621    
  0.351015091      0.513273478    
  0.591113567      0.845981359    
  0.412080765      0.841510534    
  0.269317150      0.415394545    
  0.537303925      0.467917204    
  0.287212133      0.178327560    
  0.153719902      0.571654797    
  0.802405596       3.30536366E-02
  0.534449816      0.498480082    
  0.955360651      0.748292446    
  0.554583788      0.890737295    
  0.624849081      0.842039585    
  0.159767389      0.212751389    
  0.714709759      0.130427122    
   9.09903049E-02  0.274588108    
   2.99954414E-03  0.414293051    
   2.68762112E-02  0.709819555    
  0.937897205      0.239910603    
  0.180895805      0.317539454    
  0.886990547      0.652058601    
  0.150334835      0.681346178    
  0.385814667      0.387725115    
  0.499740839      0.147532940    
  0.587186575      0.845575571    
  0.590108395      0.955408812    
  0.556145906      0.148151398    
  0.983304977      0.408766508    
  0.141819715      0.564898491    
  0.252126217      0.488514423    
  0.464030504      0.961095095    
  0.126030684      0.199757099    
  0.319249630      0.629269123    
  0.126712084      0.651253700    
  0.621634007      0.803072929    
  0.247841597      0.476431608    
  0.389313936      0.203250170    
   2.83751488E-02  0.901673317    
  0.426497221      0.142020941    
  0.947486639      0.410312891    
  0.131188393      0.885648251    
   9.21735764E-02  0.162198544    
   7.10635185E-02  0.365338802    
  0.253057241      0.135109186    
  0.783153057      0.455307245    
  0.349524021      0.452300072    
  0.808944464      0.931674242    
  0.651645899      0.215248346    
  0.679592133      0.908921719    
  0.250125408      0.860859632    
  0.471262217      0.505955696    
  0.600393534      0.817561388    
  0.755843401      0.462244749    
  0.951367378      0.632738590    
  0.439330101      0.824697256    
  0.688980818      0.702206612    
  0.987145424      0.954414845    
  0.851269484      0.289316177    
  0.537425518      0.514434576    
  0.103433847      0.414028406    
  0.576716423      0.876565695    
  0.440038443      0.729747534    
  0.869263649      0.715642214    
  0.800720215      0.706535339    
  0.741715670       1.90923214E-02
  0.886030912      0.524987221    
  0.463322639       6.51936531E-02
  0.713422298      0.488943100    
  0.667678833      0.682049036    
  0.199554682      0.916633844    
  0.865882635      0.890018463    
  0.543948174      0.139194965    
  0.450347424      0.989362478    
  0.215531826      0.446023226    
  0.315732241      0.514659405    
  0.881504059      0.439725399    
  0.467531681      0.806649685    
  0.365157843      0.211518764    
  0.999116421      0.153604269    
  0.630488157      0.616350174    
   5.94854355E-04   8.78810883E-04
  0.773351908      0.727334976    
  0.319177389      0.417723656    
  0.682494164      0.680561781    
  0.205261707      0.836419821    
  0.708920479      0.828707933    
   9.45487022E-02   8.17375183E-02
  0.764004707      0.629571676    
  0.213852167      0.213546753    
   8.10606480E-02  0.388823032    
  0.952159643      0.947545052    
  0.389853477      0.269214630    
  0.692168951      0.284034967    
  0.776865721      0.783864975    
  0.422459602      0.282155752    
  0.193967342       1.13160610E-02
  0.191823721      0.983235598    
  0.244054079      0.819725990    
  0.136454821      0.398143530    
  0.601010084      0.176880360    
  0.828354597      0.157731056    
  0.987936974      0.257168531    
  0.233599186      0.101637363    
  0.219410419      0.634717226    
  0.696007252      0.794769764    
  0.696242809      0.752940178    
  0.669520617      0.633429766    
   5.64405918E-02  0.598216534    
  0.227007627      0.318777800    
  0.699834347      0.117436886    
  0.762570620      0.526123047    
  0.553911209      0.587988853    
  0.329666376      0.702989340    
  0.143045187      0.161687613    
  0.485325098      0.860225677    
  0.813265562      0.556835651    
  0.738996506      0.316007137    
  0.135332108      0.528548241    
  0.310738802      0.588119030    
  0.518083572      0.430847645    
  0.258842707      0.370226145    
  0.393017530      0.446865797    
  0.475896120      0.387831211    
  0.279292822       7.82630444E-02
  0.369741917      0.253922224    
  0.671783924      0.676236868    
  0.513936281      0.728608131    
  0.720767736      0.944752693    
  0.460697174      0.940162897    
  0.321559906      0.460433960    
  0.517145157      0.661355495    
  0.401832819      0.605639696    
  0.986502647      0.150393724    
  0.670098305      0.343817472    
  0.541710138      0.522807598    
  0.829238653       1.49505138E-02
  0.274209499      0.642978668    
  0.546136379      0.917847633    
  0.266613245      0.970086575    
  0.246732950      0.843975306    
  0.694023609      0.455751419    
  0.817101240       2.20835209E-02
  0.160748720      0.706949949    
  0.707826138      0.436638355    
  0.582421064      0.751709938    
  0.991532803      0.695678949    
  0.279511690      0.753862619    
  0.171178818       4.25386429E-03
  0.495691061       7.99167156E-02
  0.163080931      0.903301001    
  0.782991886      0.746679068    
  0.436425447       6.34145737E-03
  0.584787130      0.518478394    
   6.68497086E-02  0.544022560    
  0.389731407      0.215825796    
  0.385769367      0.626861334    
  0.659053326      0.709319830    
  0.538661242      0.280288696    
  0.815932035      0.371909618    
  0.686101437      0.310168743    
   9.34743881E-03  0.103797197    
  0.520959854      0.775880098    
  0.220685005       5.52787781E-02
   7.06348419E-02  0.160273790    
  0.723763704      0.297022104    
   5.06024361E-02  0.477804184    
  0.457161665      0.519988298    
  0.446489573      0.150311470    
  0.285942316      0.833682060    
  0.695637226      0.577775955    
  0.681164265      0.331174850    
   5.74750900E-02  0.986882925    
  0.542392969       1.65724754E-03
  0.856192589       2.93552876E-02
  0.377550364      0.489651680    
  0.576172829      0.738958597    
  0.679332018      0.536266565    
   3.55875492E-02  0.122506857    
  0.973355532      0.188275576    
  0.351318598      0.614125490    
  0.607611418      0.125932693    
  0.552861929      0.954028368    
  0.356924772      0.838101625    
  0.974252224      0.259014130    
  0.251527548      0.424335718    
  0.813047886      0.897914171    
  0.244585991      0.760617256    
  0.694856405      0.451851130    
  0.263620138      0.665503263    
  0.116570950      0.209562302    
  0.113675594      0.546974659    
   6.07919693E-03  0.175974131    
  0.599359274      0.431908131    
   8.25064182E-02  0.687414408    
  0.375309944      0.836206436    
  0.123637199      0.973345995    
   2.96351910E-02   8.03530216E-02
  0.494244576      0.769437313    
  0.934030294      0.250155210    
  0.359657764      0.769114017    
  0.499955177      0.749251604    
  0.671903372      0.681665659    
  0.756770134       3.63674164E-02
  0.230571747      0.221667290    
  0.562602043      0.652621746    
  0.616610289      0.371465683    
  0.224801064      0.233691454    
  0.653011560      0.165927410    
  0.744104147      0.159757614    
   4.76384163E-02  0.661993504    
  0.124944687      0.949157000    
  0.484180450      0.621045589    
  0.914024830       1.79443359E-02
  0.593545437      0.721871614    
  0.496581793       5.36942482E-02
  0.441632509      0.519174814    
  0.771944046       6.53562546E-02
  0.442790270      0.977180004    
  0.467741251      0.329056025    
  0.445929766      0.743273735    
  0.205341101      0.171379328    
  0.372519732      0.939725399    
  0.964851141      0.254957438    
   7.03351498E-02  0.123848677    
  0.526337624      0.160083055    
  0.517707109      0.105184793    
  0.841575861      0.368561983    
  0.423890352      0.327227354    
  0.713546515      0.576775789    
  0.871884108      0.758245707    
  0.836597681      0.699790955    
  0.389060020      0.935241461    
  0.605602503      0.362083435    
  0.539504528      0.455072165    
  0.401692152      0.240440369    
   8.30855370E-02  0.421578646    
  0.472379923      0.289766312    
  0.104969025      0.216386080    
  0.802018642      0.527438879    
  0.668820143      0.863642693    
  0.243750095      0.711564302    
  0.263662815      0.382821321    
   8.10053349E-02  0.459762573    
  0.232866764      0.795352459    
  0.491343021       3.22866440E-03
  0.266119003      0.664688826    
  0.425190926      0.186824560    
  0.963475466      0.134038925    
  0.795855522      0.946044445    
  0.171155214      0.606001139    
   6.38034344E-02  0.347491503    
  0.292467833      0.509658098    
  0.825836420      0.834338427    
  0.726443052      0.329434156    
  0.802084208      0.631763220    
   4.53405380E-02   4.14202213E-02
  0.153315067      0.767064810    
   6.17313385E-02  0.519303083    
  0.929149628      0.220515490    
  0.204562902       8.89925957E-02
  0.699690819      0.706461191    
  0.494630814      0.261778355    
  0.711571217      0.378365993    
  0.200644493      0.232607603    
  0.436096191      0.469498396    
  0.861187220      0.977238178    
  0.444519043       3.42428684E-02
  0.523771524       3.16386223E-02
  0.753173590      0.591588020    
  0.822890997      0.329578638    
  0.232078075      0.536528111    
  0.430618286      0.403580904    
  0.987324715      0.966909647    
  0.850530386      0.867514133    
  0.311604977      0.148390293    
  0.997598410      0.639523268    
  0.468074560      0.931914568    
  0.690772533      0.815406561    
  0.541534424      0.572806358    
  0.159215927      0.945250034    
  0.821333647      0.155413866    
   4.10747528E-02  0.343613148    
  0.110019207       9.65380669E-02
  0.518773079       2.24049091E-02
  0.561483622      0.856875896    
  0.516907930      0.674524546    
  0.737174749      0.698460102    
   2.27994919E-02  0.191983700    
  0.670990944      0.345871687    
   6.62901402E-02  0.140710354    
  0.921117306      0.221656322    
  0.380114555      0.586015701    
  0.167312622       2.63395309E-02
  0.691126347      0.762343884    
  0.713695288       7.73241520E-02
  0.589809179      0.925503016    
  0.929697752      0.430445910    
  0.505969524      0.831255913    
  0.919235945      0.601637602    
  0.723836422      0.519336462    
  0.490816832      0.161419392    
  0.976115465      0.574360132    
  0.273251057      0.531427145    
  0.698558092      0.667049170    
   9.74323750E-02  0.548736095    
  0.610737562      0.667965412    
  0.495125294      0.571582556    
  0.588887930      0.441313028    
  0.151216745      0.502274513    
  0.731363773       3.16565037E-02
   5.16166687E-02  0.522063255    
  0.320642233       3.50594521E-02
  0.245142221      0.107180357    
  0.382968426      0.551829338    
  0.597168446      0.611110449    
  0.935251474      0.772030115    
  0.513148308      0.486680984    
  0.650127649      0.696995735    
  0.407537699      0.486849308    
  0.479782820      0.710449934    
  0.534198523      0.276646852    
  0.605538130      0.280103683    
  0.703369379      0.530489445    
  0.938253880      0.235402584    
  0.413494110      0.597476006    
  0.783002138      0.920252323    
  0.681490898      0.821177244    
  0.527412891      0.230269670    
  0.143684149      0.899521112    
  0.251421928      0.651514530    
   4.81557846E-03  0.935935736    
  0.275352955      0.858765841    
  0.278928518      0.952430725    
  0.506819725      0.122949600    
  0.416475296      0.702471256    
  0.436491013      0.107738733    
  0.766174793       9.98654366E-02
  0.441265106      0.344576359    
  0.297064066      0.757621050    
  0.338509560      0.330758333    
   5.56061268E-02  0.573182821    
  0.485285997      0.202481747    
  0.114474535      0.974347830    
  0.864609480      0.491840601    
  0.367394686      0.804912329    
  0.162203789      0.159579754    
   5.77228069E-02  0.149251223    
  0.468101263      0.380608082    
  0.883704424      0.424133301    
  0.412247896      0.651294470    
  0.308327436       6.01422787E-02
  0.814416409      0.897656679    
  0.919491768      0.901217937    
  0.770046234      0.170796156    
  0.572441816       3.14035416E-02
  0.803267717      0.522214413    
  0.861621618      0.277198076    
  0.869493961      0.586861849    
  0.389171839      0.811895370    
  0.525670052      0.939871311    
  0.420037985      0.579862356    
  0.749145031      0.880784035    
  0.338084698      0.189548492    
  0.743125916      0.718919277    
  0.879161596       7.28688240E-02
  0.710113525      0.879059792    
  0.359379292       8.98530483E-02
  0.161029100      0.416796207    
   9.64283943E-02  0.674692631    
  0.562611580      0.813046694    
  0.878191710      0.769360065    
  0.635205269      0.896523952    
  0.878412724      0.486470699    
  0.113070488      0.377484322    
  0.382619381      0.687577724    
  0.121739388       7.68215656E-02
  0.143301964      0.477640629    
  0.708587885      0.238019228    
  0.390966415      0.975880623    
  0.628766537      0.681198597    
  0.908690453      0.362400055    
  0.859212875      0.794277906    
  0.428873062       7.35108852E-02
  0.498630524      0.483872652    
  0.450734615      0.499657154    
  0.740758657      0.932843447    
  0.300121546      0.146195412    
  0.110018253       8.03220272E-02
  0.972476006      0.408177376    
  0.238410234      0.963160038    
  0.833473921      0.198079824    
  0.129481316      0.196307421    
  0.339118958      0.575679064    
  0.440268040      0.585674524    
  0.432877064      0.368202448    
  0.382316828      0.600132465    
  0.429472685      0.148787260    
  0.670196533      0.995400429    
  0.698066235      0.402739763    
  0.849278212      0.819527149    
  0.793382168      0.374249220    
   9.60779190E-03  0.479778528    
  0.639057875      0.646495104    
  0.644897699      0.799034595    
  0.377363920      0.357671738    
  0.389500380      0.334306717    
  0.693588495      0.144897223    
  0.291525364      0.666856289    
  0.854365110      0.314698696    
  0.144142389      0.602249384    
   5.58805466E-03  0.920829296    
  0.381954908      0.516531467    
  0.344455481      0.264133453    
  0.290999651      0.833647966    
  0.124390602      0.634619236    
   4.86972332E-02  0.458045721    
  0.376816511      0.155872822    
  0.755855560      0.665973186    
   1.15303993E-02  0.794880629    
  0.560914278      0.288654327    
  0.415560007      0.320611238    
  0.514590263      0.719155073    
  0.842043877      0.231895208    
  0.465006828      0.373359203    
   5.00428677E-02   7.38501549E-02
  0.202449322      0.566182613    
  0.831523895      0.422552347    
  0.839548349      0.293043375    
  0.181195736      0.357525587    
  0.934109926      0.589419127    
  0.369040251      0.463058710    
  0.627830267      0.944452047    
  0.405786276       5.04815578E-02
  0.444849968      0.595927000    
  0.748311043      0.864171505    
  0.131022930      0.104579210    
  0.665307999      0.833377600    
  0.581285000      0.658593416    
  0.982032299       1.89158916E-02
  0.921472788      0.194678783    
  0.967723131      0.523072243    
  0.278795719      0.719794750    
  0.590458393      0.837081671    
  0.834691286      0.659887552    
  0.730448008      0.643026590    
  0.349529028      0.534876108    
  0.664147139      0.323428869    
  0.869187832      0.442370176    
  0.917967081      0.276667356    
  0.951753139      0.117237806    
  0.416007280      0.836375237    
  0.962535381      0.332928181    
  0.526181698      0.535956144    
  0.818107128      0.929889917    
  0.662892818      0.243228436    
